54 54 43 47 2 80 56 49 58 82 
72 63 64 79 51 42 15 10 28 3 
98 40 96 95 89 44 29 9 65 27 
33 4 11 52 48 5 32 6 67 6 
63 11 25 52 40 79 52 61 62 87 
84 52 43 19 22 11 43 92 55 37 
75 74 53 52 59 5 85 26 74 92 
35 36 81 67 35 76 18 76 77 89 
23 35 3 82 38 33 18 43 66 23 
15 38 18 12 62 6 19 97 16 52 
50 32 64 57 84 17 72 92 83 60 
0 0 89 54 78 18 95 33 29 84 
66 18 56 72 29 20 20 87 11 16 
12 52 37 87 21 29 68 13 51 20 
54 59 87 3 95 66 65 41 76 71 
54 36 23 8 36 34 62 11 27 28 
42 27 13 22 32 65 70 24 95 72 
98 23 55 64 88 73 93 51 28 31 
76 61 89 29 37 10 39 73 86 66 
55 34 24 51 11 70 85 35 84 51 
54 68 83 38 96 71 2 11 52 89 
92 88 21 68 95 17 44 65 57 69 
94 86 14 42 75 44 62 27 83 23 
73 27 7 24 79 67 38 17 40 68 
20 49 96 77 1 76 33 19 4 36 
61 52 53 34 54 54 43 39 20 24 
60 48 39 98 2 2 56 30 58 41 
18 77 19 44 57 13 69 71 94 61 
43 74 52 47 59 63 88 62 31 90 
34 0 8 78 37 4 47 76 8 12 
2 62 35 48 26 10 2 46 39 21 
68 30 1 28 37 75 71 61 47 92 
36 90 5 43 14 74 51 58 69 29 
38 77 83 36 67 68 58 55 70 74 
46 10 63 39 8 93 28 5 55 31 
78 77 0 85 71 81 87 27 65 77 
37 65 30 65 35 84 88 22 42 12 
47 45 48 67 57 47 21 32 33 52 
15 69 46 35 79 34 50 77 76 81 
14 71 1 33 6 99 26 59 6 8 
43 42 35 23 95 86 93 32 65 13 
47 30 2 70 14 32 100 44 66 6 
43 98 90 24 73 1 26 26 30 87 
57 87 52 89 82 73 51 60 53 20 
33 65 70 74 27 77 40 43 66 9 
1 34 86 81 76 18 0 30 63 50 
12 13 67 26 29 57 65 9 11 42 
98 43 14 6 84 55 66 21 50 0 
54 52 28 41 23 97 22 9 85 77 
61 76 72 11 47 58 49 50 8 60 
6 43 76 90 79 80 19 2 12 39 
11 95 50 80 28 40 9 27 74 8 
79 13 46 54 55 56 91 90 65 87 
90 9 89 68 52 1 59 47 7 86 
6 51 1 77 88 61 6 91 83 3 
58 19 100 99 34 79 2 35 48 46 
32 66 4 8 28 69 21 42 6 94 
68 53 4 3 14 70 61 19 17 51 
47 10 83 59 23 40 53 23 22 49 
83 58 98 32 8 55 48 59 60 65 
88 61 56 99 35 85 24 23 81 38 
39 59 57 20 84 31 46 44 3 39 
56 34 44 24 1 4 61 63 1 76 
92 25 80 4 27 60 4 79 58 18 
9 94 77 11 43 30 47 33 26 92 
74 7 46 87 56 37 46 76 1 80 
3 28 40 43 43 65 69 10 50 59 
75 57 74 5 34 38 82 13 27 78 
36 100 14 20 61 29 46 22 43 87 
52 86 34 5 45 62 70 38 5 81 
55 31 68 1 56 38 97 14 92 96 
33 77 25 21 34 83 80 71 24 39 
17 100 76 19 58 83 59 84 43 87 
23 25 26 1 78 24 98 73 67 54 
28 79 60 26 43 9 5 8 29 29 
53 9 86 91 62 54 96 94 56 42 
88 8 56 47 3 61 88 91 66 93 
80 96 23 83 62 35 32 44 87 58 
0 92 8 87 61 52 69 91 53 73 
81 42 69 87 37 52 38 8 16 46 
77 61 60 49 61 78 3 75 32 90 
85 38 3 34 53 1 81 95 77 65 
57 5 56 21 91 61 13 3 57 64 
47 91 95 68 6 27 29 97 90 2 
53 51 20 6 51 69 61 17 19 99 
52 69 33 16 93 10 46 41 79 70 
19 84 23 10 35 96 44 27 83 42 
24 44 46 28 17 84 17 24 93 68 
43 59 60 42 9 88 53 33 7 15 
9 80 44 35 11 21 63 79 100 24 
49 47 53 4 14 77 32 54 35 40 
36 46 43 36 76 63 30 28 69 81 
43 69 13 10 61 94 39 72 0 15 
24 72 28 77 97 31 86 81 5 74 
59 18 96 77 3 75 30 21 44 88 
11 22 97 66 62 86 99 2 27 64 
92 46 25 19 86 3 2 94 86 41 
10 9 59 91 71 10 99 90 74 74 
69 55 19 27 59 63 95 11 87 1 
80 14 76 88 20 42 55 51 35 59 
2916 2916 1849 2209 4 6400 3136 2401 3364 6724 
5184 3969 4096 6241 2601 1764 225 100 784 9 
9604 1600 9216 9025 7921 1936 841 81 4225 729 
1089 16 121 2704 2304 25 1024 36 4489 36 
3969 121 625 2704 1600 6241 2704 3721 3844 7569 
7056 2704 1849 361 484 121 1849 8464 3025 1369 
5625 5476 2809 2704 3481 25 7225 676 5476 8464 
1225 1296 6561 4489 1225 5776 324 5776 5929 7921 
529 1225 9 6724 1444 1089 324 1849 4356 529 
225 1444 324 144 3844 36 361 9409 256 2704 
2500 1024 4096 3249 7056 289 5184 8464 6889 3600 
0 0 7921 2916 6084 324 9025 1089 841 7056 
4356 324 3136 5184 841 400 400 7569 121 256 
144 2704 1369 7569 441 841 4624 169 2601 400 
2916 3481 7569 9 9025 4356 4225 1681 5776 5041 
2916 1296 529 64 1296 1156 3844 121 729 784 
1764 729 169 484 1024 4225 4900 576 9025 5184 
9604 529 3025 4096 7744 5329 8649 2601 784 961 
5776 3721 7921 841 1369 100 1521 5329 7396 4356 
3025 1156 576 2601 121 4900 7225 1225 7056 2601 
2916 4624 6889 1444 9216 5041 4 121 2704 7921 
8464 7744 441 4624 9025 289 1936 4225 3249 4761 
8836 7396 196 1764 5625 1936 3844 729 6889 529 
5329 729 49 576 6241 4489 1444 289 1600 4624 
400 2401 9216 5929 1 5776 1089 361 16 1296 
3721 2704 2809 1156 2916 2916 1849 1521 400 576 
3600 2304 1521 9604 4 4 3136 900 3364 1681 
324 5929 361 1936 3249 169 4761 5041 8836 3721 
1849 5476 2704 2209 3481 3969 7744 3844 961 8100 
1156 0 64 6084 1369 16 2209 5776 64 144 
4 3844 1225 2304 676 100 4 2116 1521 441 
4624 900 1 784 1369 5625 5041 3721 2209 8464 
1296 8100 25 1849 196 5476 2601 3364 4761 841 
1444 5929 6889 1296 4489 4624 3364 3025 4900 5476 
2116 100 3969 1521 64 8649 784 25 3025 961 
6084 5929 0 7225 5041 6561 7569 729 4225 5929 
1369 4225 900 4225 1225 7056 7744 484 1764 144 
2209 2025 2304 4489 3249 2209 441 1024 1089 2704 
225 4761 2116 1225 6241 1156 2500 5929 5776 6561 
196 5041 1 1089 36 9801 676 3481 36 64 
1849 1764 1225 529 9025 7396 8649 1024 4225 169 
2209 900 4 4900 196 1024 10000 1936 4356 36 
1849 9604 8100 576 5329 1 676 676 900 7569 
3249 7569 2704 7921 6724 5329 2601 3600 2809 400 
1089 4225 4900 5476 729 5929 1600 1849 4356 81 
1 1156 7396 6561 5776 324 0 900 3969 2500 
144 169 4489 676 841 3249 4225 81 121 1764 
9604 1849 196 36 7056 3025 4356 441 2500 0 
2916 2704 784 1681 529 9409 484 81 7225 5929 
3721 5776 5184 121 2209 3364 2401 2500 64 3600 
36 1849 5776 8100 6241 6400 361 4 144 1521 
121 9025 2500 6400 784 1600 81 729 5476 64 
6241 169 2116 2916 3025 3136 8281 8100 4225 7569 
8100 81 7921 4624 2704 1 3481 2209 49 7396 
36 2601 1 5929 7744 3721 36 8281 6889 9 
3364 361 10000 9801 1156 6241 4 1225 2304 2116 
1024 4356 16 64 784 4761 441 1764 36 8836 
4624 2809 16 9 196 4900 3721 361 289 2601 
2209 100 6889 3481 529 1600 2809 529 484 2401 
6889 3364 9604 1024 64 3025 2304 3481 3600 4225 
7744 3721 3136 9801 1225 7225 576 529 6561 1444 
1521 3481 3249 400 7056 961 2116 1936 9 1521 
3136 1156 1936 576 1 16 3721 3969 1 5776 
8464 625 6400 16 729 3600 16 6241 3364 324 
81 8836 5929 121 1849 900 2209 1089 676 8464 
5476 49 2116 7569 3136 1369 2116 5776 1 6400 
9 784 1600 1849 1849 4225 4761 100 2500 3481 
5625 3249 5476 25 1156 1444 6724 169 729 6084 
1296 10000 196 400 3721 841 2116 484 1849 7569 
2704 7396 1156 25 2025 3844 4900 1444 25 6561 
3025 961 4624 1 3136 1444 9409 196 8464 9216 
1089 5929 625 441 1156 6889 6400 5041 576 1521 
289 10000 5776 361 3364 6889 3481 7056 1849 7569 
529 625 676 1 6084 576 9604 5329 4489 2916 
784 6241 3600 676 1849 81 25 64 841 841 
2809 81 7396 8281 3844 2916 9216 8836 3136 1764 
7744 64 3136 2209 9 3721 7744 8281 4356 8649 
6400 9216 529 6889 3844 1225 1024 1936 7569 3364 
0 8464 64 7569 3721 2704 4761 8281 2809 5329 
6561 1764 4761 7569 1369 2704 1444 64 256 2116 
5929 3721 3600 2401 3721 6084 9 5625 1024 8100 
7225 1444 9 1156 2809 1 6561 9025 5929 4225 
3249 25 3136 441 8281 3721 169 9 3249 4096 
2209 8281 9025 4624 36 729 841 9409 8100 4 
2809 2601 400 36 2601 4761 3721 289 361 9801 
2704 4761 1089 256 8649 100 2116 1681 6241 4900 
361 7056 529 100 1225 9216 1936 729 6889 1764 
576 1936 2116 784 289 7056 289 576 8649 4624 
1849 3481 3600 1764 81 7744 2809 1089 49 225 
81 6400 1936 1225 121 441 3969 6241 10000 576 
2401 2209 2809 16 196 5929 1024 2916 1225 1600 
1296 2116 1849 1296 5776 3969 900 784 4761 6561 
1849 4761 169 100 3721 8836 1521 5184 0 225 
576 5184 784 5929 9409 961 7396 6561 25 5476 
3481 324 9216 5929 9 5625 900 441 1936 7744 
121 484 9409 4356 3844 7396 9801 4 729 4096 
8464 2116 625 361 7396 9 4 8836 7396 1681 
100 81 3481 8281 5041 100 9801 8100 5476 5476 
4761 3025 361 729 3481 3969 9025 121 7569 1 
6400 196 5776 7744 400 1764 3025 2601 1225 3481 
