50 96 25 57 61 40 32 22 75 8 
32 17 49 31 44 40 28 97 35 96 
91 60 12 54 37 29 48 62 20 88 
55 73 85 70 78 46 8 86 23 87 
37 97 1 64 48 11 38 92 69 30 
94 51 87 73 5 36 74 85 69 17 
57 28 54 44 22 58 2 77 28 26 
13 4 82 78 29 5 62 81 85 93 
7 59 50 100 8 75 30 15 68 91 
80 94 39 79 91 1 78 89 48 39 
50 34 23 28 41 1 97 10 46 73 
61 75 1 12 33 92 74 66 28 26 
90 51 9 65 22 33 89 15 80 69 
27 61 81 68 15 55 55 27 97 29 
50 56 14 63 61 76 87 3 24 23 
32 60 11 95 5 79 39 5 94 79 
76 82 94 65 58 90 3 78 33 62 
6 93 76 64 83 29 83 34 59 18 
63 33 79 74 17 67 34 73 79 76 
23 61 57 49 76 0 26 59 2 46 
21 48 44 71 98 4 46 11 51 75 
64 50 65 50 69 1 3 66 73 70 
10 80 20 79 50 58 55 81 20 100 
47 53 23 38 77 37 69 10 52 36 
43 85 58 15 14 36 69 79 44 45 
73 100 44 3 85 94 53 71 75 90 
65 77 75 51 3 57 77 99 73 75 
23 63 72 77 50 77 11 10 92 32 
74 0 49 15 57 61 25 12 92 7 
86 80 15 89 82 88 62 34 81 99 
47 72 70 76 43 30 77 2 71 9 
79 92 79 79 57 41 22 45 25 95 
52 14 36 44 9 8 9 55 94 62 
92 93 92 58 67 81 21 5 19 20 
24 19 87 87 40 20 6 76 54 99 
58 49 73 78 77 88 48 44 84 81 
55 48 89 43 27 41 66 38 17 53 
79 26 33 81 91 11 40 48 39 94 
61 59 84 63 67 4 46 5 23 93 
68 60 13 49 10 91 50 79 52 13 
44 100 55 36 32 63 30 99 92 30 
39 46 45 67 40 46 92 73 11 35 
79 23 9 33 86 38 31 0 6 56 
12 78 7 18 10 18 60 47 15 89 
65 11 78 79 81 54 60 26 83 31 
42 58 34 39 14 41 42 29 59 40 
79 89 3 30 28 8 95 66 0 49 
17 53 97 8 27 51 69 28 7 60 
14 30 90 29 46 55 69 65 17 90 
21 35 80 42 76 56 75 64 65 72 
60 30 53 79 50 89 31 82 69 96 
20 68 22 90 31 61 0 37 85 46 
69 27 80 61 49 37 11 21 39 39 
90 64 68 21 57 8 65 22 22 53 
9 31 77 3 76 38 50 81 44 77 
90 0 19 59 51 77 22 57 40 65 
37 17 78 28 48 75 5 8 95 66 
47 92 86 97 42 83 58 88 56 3 
16 41 7 66 15 28 15 2 85 10 
53 20 15 69 72 59 98 7 35 53 
89 15 85 19 29 59 90 88 84 64 
40 45 49 80 41 41 22 62 4 28 
74 32 60 13 53 52 48 44 94 55 
95 74 52 38 26 79 77 99 18 70 
68 27 67 91 60 32 76 79 16 76 
97 16 29 43 66 2 84 43 64 53 
22 36 86 58 72 11 77 3 61 36 
36 99 25 75 55 40 80 56 88 63 
10 50 58 53 63 58 99 39 96 26 
4 52 46 90 47 68 51 43 93 36 
92 36 95 62 85 61 49 80 73 71 
62 29 0 10 93 23 71 37 41 14 
24 98 76 41 70 44 5 12 97 56 
21 94 96 51 94 43 5 83 66 96 
29 99 82 40 44 16 34 26 78 94 
21 22 83 20 39 65 28 23 70 70 
23 70 86 25 61 50 29 24 60 54 
6 88 2 9 23 67 97 1 74 89 
98 78 82 24 6 82 4 24 52 49 
23 62 63 54 4 55 23 6 15 37 
83 100 47 89 5 8 81 77 53 46 
95 5 43 15 82 73 71 100 37 25 
26 42 93 59 53 30 52 82 26 31 
18 34 97 71 25 100 90 13 82 21 
78 90 58 52 11 68 32 89 92 81 
68 7 18 27 37 18 20 37 92 64 
60 54 87 62 82 27 55 96 8 57 
42 89 1 88 42 81 77 65 63 3 
6 78 34 21 41 54 19 24 61 11 
19 17 72 94 30 88 42 94 83 72 
9 61 59 75 20 82 61 13 3 68 
91 6 9 21 46 68 4 79 15 63 
53 87 7 85 52 92 18 37 3 42 
6 24 6 16 64 89 24 30 40 68 
54 83 9 61 41 1 14 85 26 54 
62 17 14 63 57 20 83 31 36 1 
80 55 38 11 56 7 34 44 74 99 
96 34 78 94 92 52 7 59 50 26 
2 72 62 39 74 43 80 91 79 7 
90 82 33 46 62 65 88 57 71 77 
2500 9216 625 3249 3721 1600 1024 484 5625 64 
1024 289 2401 961 1936 1600 784 9409 1225 9216 
8281 3600 144 2916 1369 841 2304 3844 400 7744 
3025 5329 7225 4900 6084 2116 64 7396 529 7569 
1369 9409 1 4096 2304 121 1444 8464 4761 900 
8836 2601 7569 5329 25 1296 5476 7225 4761 289 
3249 784 2916 1936 484 3364 4 5929 784 676 
169 16 6724 6084 841 25 3844 6561 7225 8649 
49 3481 2500 10000 64 5625 900 225 4624 8281 
6400 8836 1521 6241 8281 1 6084 7921 2304 1521 
2500 1156 529 784 1681 1 9409 100 2116 5329 
3721 5625 1 144 1089 8464 5476 4356 784 676 
8100 2601 81 4225 484 1089 7921 225 6400 4761 
729 3721 6561 4624 225 3025 3025 729 9409 841 
2500 3136 196 3969 3721 5776 7569 9 576 529 
1024 3600 121 9025 25 6241 1521 25 8836 6241 
5776 6724 8836 4225 3364 8100 9 6084 1089 3844 
36 8649 5776 4096 6889 841 6889 1156 3481 324 
3969 1089 6241 5476 289 4489 1156 5329 6241 5776 
529 3721 3249 2401 5776 0 676 3481 4 2116 
441 2304 1936 5041 9604 16 2116 121 2601 5625 
4096 2500 4225 2500 4761 1 9 4356 5329 4900 
100 6400 400 6241 2500 3364 3025 6561 400 10000 
2209 2809 529 1444 5929 1369 4761 100 2704 1296 
1849 7225 3364 225 196 1296 4761 6241 1936 2025 
5329 10000 1936 9 7225 8836 2809 5041 5625 8100 
4225 5929 5625 2601 9 3249 5929 9801 5329 5625 
529 3969 5184 5929 2500 5929 121 100 8464 1024 
5476 0 2401 225 3249 3721 625 144 8464 49 
7396 6400 225 7921 6724 7744 3844 1156 6561 9801 
2209 5184 4900 5776 1849 900 5929 4 5041 81 
6241 8464 6241 6241 3249 1681 484 2025 625 9025 
2704 196 1296 1936 81 64 81 3025 8836 3844 
8464 8649 8464 3364 4489 6561 441 25 361 400 
576 361 7569 7569 1600 400 36 5776 2916 9801 
3364 2401 5329 6084 5929 7744 2304 1936 7056 6561 
3025 2304 7921 1849 729 1681 4356 1444 289 2809 
6241 676 1089 6561 8281 121 1600 2304 1521 8836 
3721 3481 7056 3969 4489 16 2116 25 529 8649 
4624 3600 169 2401 100 8281 2500 6241 2704 169 
1936 10000 3025 1296 1024 3969 900 9801 8464 900 
1521 2116 2025 4489 1600 2116 8464 5329 121 1225 
6241 529 81 1089 7396 1444 961 0 36 3136 
144 6084 49 324 100 324 3600 2209 225 7921 
4225 121 6084 6241 6561 2916 3600 676 6889 961 
1764 3364 1156 1521 196 1681 1764 841 3481 1600 
6241 7921 9 900 784 64 9025 4356 0 2401 
289 2809 9409 64 729 2601 4761 784 49 3600 
196 900 8100 841 2116 3025 4761 4225 289 8100 
441 1225 6400 1764 5776 3136 5625 4096 4225 5184 
3600 900 2809 6241 2500 7921 961 6724 4761 9216 
400 4624 484 8100 961 3721 0 1369 7225 2116 
4761 729 6400 3721 2401 1369 121 441 1521 1521 
8100 4096 4624 441 3249 64 4225 484 484 2809 
81 961 5929 9 5776 1444 2500 6561 1936 5929 
8100 0 361 3481 2601 5929 484 3249 1600 4225 
1369 289 6084 784 2304 5625 25 64 9025 4356 
2209 8464 7396 9409 1764 6889 3364 7744 3136 9 
256 1681 49 4356 225 784 225 4 7225 100 
2809 400 225 4761 5184 3481 9604 49 1225 2809 
7921 225 7225 361 841 3481 8100 7744 7056 4096 
1600 2025 2401 6400 1681 1681 484 3844 16 784 
5476 1024 3600 169 2809 2704 2304 1936 8836 3025 
9025 5476 2704 1444 676 6241 5929 9801 324 4900 
4624 729 4489 8281 3600 1024 5776 6241 256 5776 
9409 256 841 1849 4356 4 7056 1849 4096 2809 
484 1296 7396 3364 5184 121 5929 9 3721 1296 
1296 9801 625 5625 3025 1600 6400 3136 7744 3969 
100 2500 3364 2809 3969 3364 9801 1521 9216 676 
16 2704 2116 8100 2209 4624 2601 1849 8649 1296 
8464 1296 9025 3844 7225 3721 2401 6400 5329 5041 
3844 841 0 100 8649 529 5041 1369 1681 196 
576 9604 5776 1681 4900 1936 25 144 9409 3136 
441 8836 9216 2601 8836 1849 25 6889 4356 9216 
841 9801 6724 1600 1936 256 1156 676 6084 8836 
441 484 6889 400 1521 4225 784 529 4900 4900 
529 4900 7396 625 3721 2500 841 576 3600 2916 
36 7744 4 81 529 4489 9409 1 5476 7921 
9604 6084 6724 576 36 6724 16 576 2704 2401 
529 3844 3969 2916 16 3025 529 36 225 1369 
6889 10000 2209 7921 25 64 6561 5929 2809 2116 
9025 25 1849 225 6724 5329 5041 10000 1369 625 
676 1764 8649 3481 2809 900 2704 6724 676 961 
324 1156 9409 5041 625 10000 8100 169 6724 441 
6084 8100 3364 2704 121 4624 1024 7921 8464 6561 
4624 49 324 729 1369 324 400 1369 8464 4096 
3600 2916 7569 3844 6724 729 3025 9216 64 3249 
1764 7921 1 7744 1764 6561 5929 4225 3969 9 
36 6084 1156 441 1681 2916 361 576 3721 121 
361 289 5184 8836 900 7744 1764 8836 6889 5184 
81 3721 3481 5625 400 6724 3721 169 9 4624 
8281 36 81 441 2116 4624 16 6241 225 3969 
2809 7569 49 7225 2704 8464 324 1369 9 1764 
36 576 36 256 4096 7921 576 900 1600 4624 
2916 6889 81 3721 1681 1 196 7225 676 2916 
3844 289 196 3969 3249 400 6889 961 1296 1 
6400 3025 1444 121 3136 49 1156 1936 5476 9801 
9216 1156 6084 8836 8464 2704 49 3481 2500 676 
4 5184 3844 1521 5476 1849 6400 8281 6241 49 
8100 6724 1089 2116 3844 4225 7744 3249 5041 5929 
